305
155
1
0
0
0
305
395
1
0
0
0
265
335
1
0
0
0
305
335
1
0
0
0
345
335
1
0
0
0
3860
0
166
0
0
1
1
1
1
0
0
1
1
1
1
0
0
0
0
1
1
0
0
1
0
0
1
1
0
0
1
0
0
1
0
0
0
0
0
1
0
0
1
0
0
1
0
0
1
0
0
1
0
0
1
0
0
0
0
0
0
0
0
0
0
0
0
0
0
0
0
0
0
0
0
0
0
1
1
1
0
1
0
0
1
0
1
0
0
1
0
1
1
1
1
0
1
1
1
1
1
0
1
1
0
1
1
1
0
1
1
0
1
1
0
0
1
1
1
1
0
1
1
1
1
0
0
0
0
0
1
0
1
1
0
1
0
0
0
0
0
1
1
1
0
1
1
1
1
0
0
0
0
1
0
1
0
0
0
0
1
0
1
0
0
0
0
0
0
1
0
0
0
0
0
0
0
1
0
0
0
0
1
0
0
1
0
0
0
0
0
0
0
0
0
0
0
0
0
0
0
0
0
0
0
0
0
0
0
0
0
0
1
0
0
0
0
1
1
0
0
0
0
1
1
0
0
0
1
0
0
0
1
1
1
0
0
0
0
1
1
1
0
0
0
0
1
1
1
1
1
0
0
0
0
0
0
0
1
1
1
0
0
0
1
